0 - 2022-07-21 23:46:01.091
1 - 2022-07-21 23:46:01.103
4 - 2022-07-21 23:46:01.104
3 - 2022-07-21 23:46:01.104
2 - 2022-07-21 23:46:01.105
5 - 2022-07-21 23:46:01.106
0 - 2022-07-21 23:46:01.108
6 - 2022-07-21 23:46:01.117
7 - 2022-07-21 23:46:01.122
9 - 2022-07-21 23:46:01.124
8 - 2022-07-21 23:46:01.125
10 - 2022-07-21 23:46:01.126
1 - 2022-07-21 23:46:01.127
11 - 2022-07-21 23:46:01.127
12 - 2022-07-21 23:46:01.128
13 - 2022-07-21 23:46:01.129
4 - 2022-07-21 23:46:01.129
14 - 2022-07-21 23:46:01.130
3 - 2022-07-21 23:46:01.130
15 - 2022-07-21 23:46:01.131
16 - 2022-07-21 23:46:01.131
17 - 2022-07-21 23:46:01.132
18 - 2022-07-21 23:46:01.132
2 - 2022-07-21 23:46:01.133
19 - 2022-07-21 23:46:01.133
20 - 2022-07-21 23:46:01.134
21 - 2022-07-21 23:46:01.134
5 - 2022-07-21 23:46:01.135
22 - 2022-07-21 23:46:01.135
23 - 2022-07-21 23:46:01.135
24 - 2022-07-21 23:46:01.136
25 - 2022-07-21 23:46:01.136
27 - 2022-07-21 23:46:01.136
26 - 2022-07-21 23:46:01.137
0 - 2022-07-21 23:46:01.137
6 - 2022-07-21 23:46:01.137
28 - 2022-07-21 23:46:01.137
29 - 2022-07-21 23:46:01.138
30 - 2022-07-21 23:46:01.138
31 - 2022-07-21 23:46:01.138
7 - 2022-07-21 23:46:01.139
9 - 2022-07-21 23:46:01.139
8 - 2022-07-21 23:46:01.139
10 - 2022-07-21 23:46:01.139
1 - 2022-07-21 23:46:01.140
11 - 2022-07-21 23:46:01.140
12 - 2022-07-21 23:46:01.140
13 - 2022-07-21 23:46:01.141
4 - 2022-07-21 23:46:01.141
14 - 2022-07-21 23:46:01.141
3 - 2022-07-21 23:46:01.141
15 - 2022-07-21 23:46:01.141
16 - 2022-07-21 23:46:01.142
17 - 2022-07-21 23:46:01.142
18 - 2022-07-21 23:46:01.142
2 - 2022-07-21 23:46:01.142
19 - 2022-07-21 23:46:01.143
20 - 2022-07-21 23:46:01.143
21 - 2022-07-21 23:46:01.143
5 - 2022-07-21 23:46:01.143
22 - 2022-07-21 23:46:01.144
23 - 2022-07-21 23:46:01.144
24 - 2022-07-21 23:46:01.144
25 - 2022-07-21 23:46:01.144
27 - 2022-07-21 23:46:01.144
26 - 2022-07-21 23:46:01.145
6 - 2022-07-21 23:46:01.145
28 - 2022-07-21 23:46:01.145
29 - 2022-07-21 23:46:01.145
30 - 2022-07-21 23:46:01.145
31 - 2022-07-21 23:46:01.146
7 - 2022-07-21 23:46:01.146
9 - 2022-07-21 23:46:01.146
8 - 2022-07-21 23:46:01.146
10 - 2022-07-21 23:46:01.146
11 - 2022-07-21 23:46:01.147
12 - 2022-07-21 23:46:01.147
13 - 2022-07-21 23:46:01.147
14 - 2022-07-21 23:46:01.147
15 - 2022-07-21 23:46:01.147
16 - 2022-07-21 23:46:01.147
17 - 2022-07-21 23:46:01.148
18 - 2022-07-21 23:46:01.148
19 - 2022-07-21 23:46:01.150
20 - 2022-07-21 23:46:01.151
21 - 2022-07-21 23:46:01.152
22 - 2022-07-21 23:46:01.154
23 - 2022-07-21 23:46:01.155
24 - 2022-07-21 23:46:01.157
25 - 2022-07-21 23:46:01.158
27 - 2022-07-21 23:46:01.160
26 - 2022-07-21 23:46:01.161
28 - 2022-07-21 23:46:01.162
29 - 2022-07-21 23:46:01.162
30 - 2022-07-21 23:46:01.163
31 - 2022-07-21 23:46:01.163
